32
18
199
18
200
18
205
7
193
14
7
192
5
18
202
4
4
18
201
14
7
208
4
18
197
18
198
7
194
14
7
197
36
34
18
205
7
193
14
7
197
5
36
16
7
197
4
36
14
40
4
16
7
192
14
7
197
5
36
14
40
4
16
7
192
14
7
197
4
36
14
40
4
16
7
195
14
40
34
14
7
205
4
18
205
7
201
14
7
197
5
36
16
7
197
4
36
14
40
4
16
7
202
14
7
197
5
36
14
40
4
16
7
202
14
7
197
4
36
14
40
4
16
7
196
14
40
34
14
7
205
4
18
210
7
133
14
7
193
4
18
133
7
194
14
7
197
4
18
197
7
199
14
7
193
4
18
199
14
7
204
5
28
27
7
198
14
7
203
4
18
197
18
198
32
18
199
7
200
14
7
193
4
18
200
14
7
204
5
28
27
35
6
1
2
3
4
0
0
0
0
0
0
12
2
0
27
0
210
246
